205
3405
7433
5198
163
9956
1175
2770
6156
351
1625
9527
5868
9066
3893
5310
4518
9501
8084
542
3145
5399
5162
4356
4979
8171
271
1054
9385
7419
8865
7136
3220
5372
8280
6285
2342
483
5267
7085
2884
1540
617
8269
8136
3521
8091
4197
7167
3377
897
7572
98
1233
8118
4049
9160
8501
2726
6275
5327
3919
6586
3754
922
67
5545
9215
3493
6052
5008
4445
9675
5597
5478
2081
8454
8512
4864
4684
45
4355
5359
356
6061
2316
1914
4960
1401
9801
1747
2929
584
12
8839
2339
273
2639
5299
8507
1509
5432
562
4646
3561
3983
7996
9224
9732
3499
7226
590
1510
8371
5702
8513
9749
7135
6824
8165
3639
2552
416
5937
4497
803
1591
2060
7433
7295
3143
9063
9654
3206
4681
1419
2141
7839
4999
3436
7636
8772
7499
6357
3338
3194
5428
9561
8509
2344
5637
6257
6594
2032
9801
2155
182
4879
8255
4801
1932
2043
6333
8044
7460
6912
3448
5043
7800
7089
9889
6115
7557
2397
7976
6206
3969
2747
9966
8148
737
1182
7177
8985
2072
3180
1380
2646
7538
6332
5187
4717
9154
162
575
1448
8883
9358
7185
8423
6329
9093
423
4296
3704
4230
3437
249
179
8957
1721
91
1650
3922
5422
8239
2673
8412
95
3871
7446
4604
7859
9300
624
8320
2790
7165
3287
8080
7865
4548
9449
3838
6550
3532
7859
571
6141
8669
2742
2495
221
8859
3166
9216
3231
6754
9543
702
9497
6072
148
1703
7483
9260
3469
5503
1110
6229
6119
3452
5240
9616
8129
9994
4585
8180
5438
831
8296
5310
5109
368
2150
7595
9510
5006
1917
5935
9721
31
2127
8105
4032
6966
2777
368
9741
1464
2602
8998
1827
7357
5003
4479
8804
9136
1602
4040
7023
1049
2101
3570
8002
1456
8003
421
3782
3062
9973
9629
1130
3321
6373
5218
3308
7385
4202
7190
4630
9929
2527
6827
2448
3357
4419
1291
6645
4940
2306
7168
1178
6027
4206
8789
7665
9164
6451
7829
9845
5139
8527
9550
8393
1303
6033
9636
2390
268
8731
3672
7920
9307
4111
695
3579
4434
6016
3533
5070
2812
6471
750
2712
6018
9595
6699
9417
5747
5542
2928
9466
4411
3637
1711
7919
776
2936
1444
8441
3157
5325
1263
6816
4207
8201
1605
6170
3184
8060
1363
2155
3833
5545
1088
4591
1052
8174
1341
6685
9983
7693
7541
5669
4114
3379
7860
5513
6051
4922
8048
2405
3654
2404
1861
2324
3253
4688
631
7896
978
4662
1504
3339
2410
9556
9725
7951
9095
3796
7730
5213
1106
6457
3744
199
8343
6679
5782
2235
1109
1615
7206
8517
7849
5490
865
3135
1919
8563
9016
8559
8100
7935
2050
4948
379
5873
6240
9092
3782
4517
4696
83
5290
4391
8166
8709
5869
9400
6901
9406
8178
5575
4639
443
810
7876
2869
4644
5001
9512
6782
7430
2407
4375
1656
365
731
8817
3090
6784
9637
5012
9726
4830
1562
9817
707
5209
5954
4891
6575
7162
9622
8642
7640
4313
9038
3478
8298
7188
4442
9104
397
7885
2395
7666
6513
7769
3842
5494
5187
6712
6826
5062
7777
1119
3262
3856
702
9063
5190
113
3957
549
9411
1726
6672
2751
2515
4503
2632
4756
4827
7049
912
5191
3808
1708
6983
4004
1533
4702
496
1554
3802
881
8172
6408
121
7998
3852
7158
1830
2881
5818
1546
5669
6991
5252
5324
2815
3799
8472
1962
1562
8340
6887
3752
4473
5186
2713
3957
7565
4246
6897
9758
7449
4838
5288
7621
1285
8892
510
6339
180
5104
5976
6483
4191
2817
833
5479
717
8861
764
2194
5099
4363
2967
4137
7372
4262
4683
6253
19
831
8253
8702
2636
5578
3250
3173
6004
6201
7257
2447
5094
5142
996
8057
5342
3867
2209
8170
7930
9507
2816
2071
7697
8384
4237
9764
1086
1497
6522
9603
4889
5398
7425
1317
6533
7354
8844
992
4066
1779
8300
9191
640
3586
3573
9864
4881
108
873
1360
7529
1159
5449
1409
8582
5551
1186
9946
677
8559
3054
9809
991
8132
9728
2912
3622
4690
8801
6217
4036
9961
7101
2948
9810
5939
2415
1306
5086
5339
140
9738
6790
1435
4069
6722
6865
5966
7967
5529
7113
9342
6593
6118
231
6686
7700
706
2095
4792
7000
5588
8837
6785
8312
2504
1736
2617
7926
4602
1716
6317
6723
7043
683
2195
1951
1991
9579
4353
4046
1372
3391
3640
7894
4741
4406
1615
3211
3412
4295
7168
1214
6063
6424
4563
4374
9126
9419
8665
970
3688
6518
2886
5351
4321
1392
4438
3297
8122
7515
9607
3630
3972
8657
7350
2692
16
7052
2089
2551
6389
8642
1596
7447
1046
3506
2591
6194
7932
5063
1381
9738
9694
5501
2841
9385
7871
1899
1543
4216
4292
8046
4710
2739
6413
6248
3614
6443
9403
972
3707
1783
903
6189
9116
4683
7941
2830
4919
5051
1186
6966
2047
4382
5396
452
1756
8500
5100
5766
3102
1506
2844
5550
3639
7638
8285
5024
2731
8682
9657
4448
9202
1203
2175
7818
1485
6541
968
8536
421
7858
2456
6983
7580
4729
3416
3455
9989
747
8600
3593
6709
4659
7143
5083
3866
5011
314
1579
9796
3234
5970
7420
2371
8255
1665
3776
2379
323
1133
697
9046
3874
7973
6055
9659
3984
1066
8381
4476
1216
5220
7832
9356
1671
1067
2127
1355
8028
4614
7450
5926
3947
6484
9659
5735
7242
9610
6623
1500
7509
625
75
4470
8519
3652
9737
7067
2627
6196
2329
6460
8706
1162
5520
75
1984
8774
9872
894
580
8010
3611
1931
231
4866
8523
2049
7638
6901
1919
6319
5176
4613
4213
6412
5397
6326
8473
6579
3305
4358
2195
628
6874
9996
1644
7294
2611
8108
328
4732
3541
1536
8964
9695
7362
5228
4130
5837
4404
6159
5686
3489
852
6168
8617
9793
1785
8730
9167
8824
3613
3722
5407
8027
5128
858
2383
9711
1608
7560
3790
6795
2955
7849
6917
3099
4773
1759
6500
2805
909
4128
5217
2025
8881
8287
6036
7120
6374
8160
1103
1252
9153
3945
6015
2455
373
6865
2168
6157
5844
820
7104
7056
8812
5353
140
924
2004
9733
3245
6244
838
4447
8117
9123
6003
756
931
1260
6158
8325
7003
792
9585
154
1632
4258
606
401
8232
5859
4731
5719
5962
8875
7503
4295
2220
3465
6329
118
1920
1741
1933
9519
2389
2947
7979
9506
8683
2564
9772
4960
5813
3150
3020
4621
4978
5611
503
8946
5131
9058
3761
9684
7454
9613
8701
7459
5561
8622
8765
1466
565
3542
8541
8137
6465
1845
4285
9420
2661
2609
8848
3593
9528
7952
9893
4657
4651
2089
9867
242
5653
2468
5025
984
6425
8934
8307
254
122
3497
5349
4924
5263
4994
3054
7573
3662
1371
4181
7922
7352
5785
2930
202
428
1889
6697
2645
4049
4093
5123
770
6168
2761
7136
5150
4534
1609
4238
4034
9681
3039
16
1870
2120
5229
2383
5018
2454
2356
5764
1793
5418
2332
8514
6211
3848
3269
3825
9617
9828
1263
7412
58
3409
5096
3463
9071
8965
3314
8222
2993
8838
8803
1025
6544
6794
9226
6218
6156
6001
7160
4048
9622
7666
6734
3585
760
3114
9587
4767
4423
7683
9357
3881
8356
2115
2683
4866
6627
8977
7180
550
9122
588
9508
2833
9676
5189
449
5683
5862
1927
1247
6820
4967
661
3938
7179
4988
6678
6313
4104
9057
5447
2691
359
2334
2019
8502
5561
4902
4553
2854
9557
9223
6580
2042
4780
8503
9120
9185
5697
8013
8212
1228
704
5675
5692
8443
5986
9948
1435
6843
2964
9654
1868
7374
517
8439
1639
7018
9786
3816
3838
7223
7066
7052
3072
4158
1061
145
2077
5744
1720
3995
1556
7322
2374
9880
782
4206
6356
4974
7645
2555
8582
3442
1424
9738
2335
7628
5883
2187
2198
2868
6722
5251
3142
3272
7667
3596
3263
6169
3192
9333
1317
9054
5193
1584
1447
9921
2504
626
7731
9239
6913
146
4420
8046
2788
8643
8785
8968
1715
692
1291
3911
212
9081
289
3163
8600
3707
4244
7427
2588
8189
5376
4798
6114
2698
1474
6538
600
1829
5091
8120
2476
2884
2311
5284
4353
5917
4215
6286
8928
9763
9967
1801
5379
6292
6581
3858
7295
2220
7968
6946
6746
7203
4830
8509
1838
9453
3515
4884
3575
2620
3218
9723
1635
6213
9543
851
7765
4648
2865
4953
5469
4231
2015
8579
8984
6443
2198
5531
3816
6871
1292
4021
2705
2184
1348
1312
9887
852
703
6319
6422
9585
9147
1204
6082
416
4787
468
3627
621
330
8150
4473
312
5201
1314
1784
3056
617
9891
8942
8882
9278
8273
5171
1032
9791
1582
7895
9951
2416
8351
5845
3176
5770
1558
6926
3568
2219
832
2886
7541
4179
9812
9218
7013
656
9131
3489
2678
7048
1517
6909
2701
1910
2188
6794
5939
1022
7658
736
8790
169
5563
5674
9203
5153
6605
5133
925
574
7567
4153
2757
2022
3516
5218
3598
2314
5299
6323
8690
8552
981
915
6978
2797
116
4793
2689
2302
6982
3834
9528
9127
1988
9372
9425
6506
5646
6290
9207
8238
7109
4963
7827
348
1217
8088
197
6354
6928
2922
2624
6453
9598
1880
1667
1709
7840
8056
5859
627
8789
1110
6816
1632
3999
228
5587
9901
1891
9984
6377
4868
9609
774
5303
2093
3364
7641
519
5430
9055
4612
675
2095
1673
4670
5007
7783
9065
5632
5829
2250
8021
7470
3087
8356
815
9013
8507
3981
2309
2096
1281
7318
8670
548
8320
6543
3700
8765
3154
9144
5238
6716
1812
8476
4648
8690
1686
1906
920
7203
49
9124
354
7345
6949
5331
7327
1032
2939
3594
1392
767
4106
4004
260
6234
2961
1407
7545
7307
1958
3518
4931
9946
5764
3534
5232
9045
832
8969
1908
7880
5191
364
2333
1761
1283
519
899
9413
1538
969
9937
4650
6881
8726
5953
7557
3705
3957
3063
4368
2922
5172
5829
3759
7430
3267
5439
3189
4316
2683
1464
8944
6051
520
1606
7901
9801
3738
7051
1144
8757
1403
4364
5033
3189
7845
2622
9633
9560
1131
6480
6722
1
6888
8158
5932
5123
3396
1061
9827
4848
8234
5352
362
2169
5111
6796
9995
8758
9733
4215
3924
632
6650
145
4195
8836
3540
281
6715
5038
1274
5445
4051
9273
7288
8841
7286
4153
3430
2244
1407
2276
4844
3834
5826
5940
5115
7842
7535
9751
4935
8008
1269
2771
9232
7476
3406
3606
1698
5960
6281
8270
3061
7191
6771
4225
293
4703
3524
6264
3238
1187
5996
5150
2795
2695
2797
6537
7776
4476
5873
7335
1744
7732
7632
1189
1254
8752
4251
4740
2947
8978
1379
8557
9100
2063
8430
3649
4952
4444
1655
3947
8771
5345
4450
7316
2103
5033
2688
7533
336
2701
4729
2136
9819
4021
3662
6507
9737
5920
9185
2999
6090
5744
7197
1937
567
9095
1473
2328
3444
6962
1180
7130
1061
6841
1399
2818
6054
57
58
2809
1166
372
4612
4461
5487
2444
2993
8144
5664
8773
7986
5127
4065
9583
1756
5991
4515
4269
2875
9383
4342
9262
3669
4923
7730
561
703
3228
9784
6439
7856
6246
6334
4756
1280
5822
8830
1189
33
2702
1760
9912
1491
1654
7692
127
4646
4073
4840
764
7373
7132
765
9170
4550
4450
9991
3018
5550
8181
4252
6082
2356
4306
3309
9316
4867
6034
8191
652
9138
6302
739
1179
4139
3980
627
394
1647
6568
9172
2599
873
3959
4152
3593
6150
2556
4810
8637
3534
4266
9402
1919
1638
8874
2760
9150
4647
2168
2843
4029
6456
7843
3022
180
5586
7609
8715
5471
6460
7729
5019
2236
2299
5544
3712
303
6133
1433
8273
6356
4424
9277
6968
434
812
1362
711
7245
5531
4549
2892
3841
6339
1024
3244
2224
3946
8490
6484
2587
1269
4578
8455
4039
2911
9962
6911
5113
507
6858
4491
3946
8718
8516
2135
6639
7485
1546
9900
9465
1250
3918
4157
7216
7813
505
228
1417
8457
951
9479
2610
4835
8691
7246
6936
2074
9551
8331
272
4451
9820
4654
9401
700
1050
7628
755
8145
3982
5934
9301
4395
7474
544
6715
641
2672
7469
5673
7955
783
5618
2775
9668
3128
4687
8601
4789
1074
5002
3528
789
8249
7432
196
3987
9881
3014
8119
10
7523
139
3347
8367
846
2001
798
3973
3777
5506
5697
5265
3021
4500
4990
8926
6867
7345
9554
9714
5385
7620
9661
3051
711
4376
6646
4973
1096
5187
2885
8035
8219
5948
7655
7886
7994
4243
9118
6165
2685
88
6195
7767
8326
385
207
2815
2080
6325
6384
322
3279
9761
8163
1134
7898
9126
2931
5752
7136
5243
5210
8625
410
9325
4701
150
8355
1372
3714
8687
6528
570
373
6121
8941
6690
1099
619
4556
7463
774
1306
7634
2750
8104
165
6486
2300
9992
1580
9553
5846
5749
2338
5274
2863
5951
3932
5357
7483
7346
1110
804
2694
6328
9396
418
7791
1378
1385
801
7671
950
9836
6650
5089
2804
1328
7585
7975
1761
6187
8275
3045
6259
2575
249
941
2995
2039
9229
4775
9517
2101
132
1217
3259
9919
853
2937
9950
6592
8182
8927
7878
8657
144
7406
5911
5841
4933
2492
1712
8219
3845
8529
2270
1873
1936
4436
8716
5537
7631
2872
4744
3242
6079
2826
9041
463
8428
5889
9554
9748
8572
8907
8019
5555
9050
9481
2838
9606
9873
2608
8641
3057
9267
6751
717
4131
7986
6912
6569
1675
3431
7214
6325
6652
7829
3147
5494
7179
7445
4469
9692
6696
7794
4609
4268
8739
2775
9748
4269
4647
1081
2296
3418
2086
7493
8767
8423
5013
5355
298
1499
6737
2164
6602
9475
5381
2207
536
9688
2590
8545
3673
3614
316
5628
463
2657
9303
7636
1985
2829
1839
4038
3734
3648
6873
6189
6136
2332
4944
4780
6276
1034
7359
875
5289
5278
513
3792
4747
7980
5385
3879
163
6081
9510
7637
9320
4190
2620
5656
9688
5639
1303
7403
6022
3266
7973
110
3208
326
7282
4042
1062
1233
9306
1001
3393
5241
8784
8636
4540
4134
6605
3024
3408
7821
7507
1097
1762
2719
1880
8180
9049
7768
1735
5756
3872
6084
1345
6914
7373
9535
3096
6943
2908
8550
3720
2067
1011
7393
5704
8740
3003
9729
4023
8700
6114
2975
3767
7725
2474
7755
8351
5103
9152
3027
4014
7459
8226
1372
7689
4577
326
5730
4985
956
7257
2193
9263
1126
8008
2765
964
9902
8758
7838
2992
7670
5298
3044
7687
2905
721
688
4631
7377
2319
8664
828
2172
7646
4094
9146
1802
6828
7849
4188
8904
1173
8635
1764
1675
9094
4435
7301
3344
2711
2314
6889
6604
7859
4801
2250
7091
4519
3817
2378
6381
4844
4797
4441
6184
7046
1920
6487
6055
3645
7145
6196
2926
2938
208
3700
3839
7685
3792
8614
3954
4845
336
9719
5912
324
3176
6344
6713
2701
1809
2201
2654
3153
3775
5547
9586
9098
4729
7223
1067
863
4598
3860
9409
7888
126
405
3747
9702
4971
9141
6697
7405
6748
8974
3684
9662
4750
3637
9656
6938
7785
528
2179
3376
3364
5233
1462
6466
6681
9760
6581
5716
6108
4919
5809
6945
5608
6437
7935
6804
6205
2112
7669
1262
4234
1027
801
2965
1580
2505
6385
3944
8949
7044
449
8819
9088
909
7
8563
4960
5318
5911
5331
837
4976
7379
2873
5994
7206
2195
1477
4676
205
1436
2615
4032
8491
9709
5129
3758
6910
9751
5171
9188
997
4271
2340
2149
8488
1356
7738
3465
6496
3873
518
4000
7627
9410
3454
571
8108
6778
2872
7502
2496
1532
5173
832
4217
3804
9073
8044
5370
4528
7330
3136
785
7638
7626
4197
5061
3439
8037
5240
5185
4234
3779
7905
1804
3442
399
2510
6546
8777
4895
9690
6793
9204
1429
8179
3220
3316
9689
7042
2663
4135
5544
7698
5977
5074
1947
1801
1995
9489
5289
6990
9610
7037
3171
6125
498
3906
7425
842
8602
6704
5901
3125
6804
5872
3156
3491
745
8541
5919
9253
2598
8683
6863
3324
7578
3236
7139
1059
3477
5340
6549
84
8935
4532
6908
9685
7615
9987
561
8608
8682
8875
2847
4837
1349
7268
8368
1765
8773
5884
8362
5996
9929
513
5288
7848
1914
1525
9839
6581
8685
6427
2627
4815
9450
2133
1815
6484
5212
1575
1792
4669
8524
103
6448
3531
1325
5011
6557
3167
7214
9530
3507
616
8053
3660
53
4244
7843
6450
1944
7851
6631
7267
298
6425
6241
5566
1661
2662
4802
5559
9016
6633
3519
9685
6352
616
4579
8242
5914
4847
1500
1366
2446
8601
1751
7884
359
7725
6777
1847
2904
7383
2557
7117
8459
9944
5024
2019
9943
2237
5000
4578
2651
8977
3367
5303
1697
5478
9849
6450
1073
6385
3886
9049
6532
2309
642
3846
3687
1954
5753
196
3846
8998
1138
956
9382
5833
8079
5909
3072
1190
3516
6941
5102
9481
2932
9916
1546
8414
5167
87
9048
5379
9741
7559
5465
5079
9410
235
1750
4781
1396
3040
5033
7435
902
2813
6430
5672
9652
5243
426
9260
8096
175
2672
6846
8971
4563
596
8992
9978
1635
3203
1269
7263
966
9917
3567
1795
8588
31
2194
3347
7857
1047
3872
8584
4792
4951
7260
8325
9337
8580
438
3399
5668
6028
4068
1652
3740
3466
3007
6404
5598
9479
6980
3785
5210
4200
448
3534
8619
6099
6054
146
4883
1607
3087
81
6879
9205
4654
4369
5708
5648
986
8174
5291
5170
9256
4925
1267
352
8813
5593
6742
7469
675
870
6125
3119
2681
114
9819
4448
46
2850
4643
8695
3557
6881
9179
9138
7482
9954
306
8868
3201
9647
3661
9916
2521
4326
7324
8477
5923
6048
4369
9475
3154
3108
8695
2353
4416
783
9378
9059
8794
3140
7732
2996
4582
6945
1574
3353
6066
5032
6147
5419
1458
9291
2838
9064
5360
6267
9278
5271
5543
5321
1688
6156
6651
9868
1916
1460
5582
561
4038
5683
6496
6124
7676
3130
6814
7342
5903
2735
599
7744
3892
5260
8493
1573
5311
2205
5669
1722
2203
9216
2908
7754
5389
5106
3291
448
7891
8610
5700
1920
5524
6247
3648
363
5839
8349
7181
2788
8577
8688
1412
6650
8328
9215
6634
7505
2925
2871
8476
5753
2224
6282
205
7079
5268
9431
1700
6549
9235
3173
8545
5680
5872
4748
1382
5359
8211
6452
6138
8014
3247
4723
3913
8793
7532
2547
9081
1587
9933
406
7388
5794
3439
341
8813
2952
2336
1292
9101
1745
4756
9085
5769
7904
2569
5103
7303
2136
2438
3692
7093
4352
618
4817
2623
6446
6956
8510
5678
4488
3651
6714
2155
4881
7451
8011
527
4133
8307
5914
5404
5708
9314
6346
416
5268
5035
7960
3201
9026
2348
4280
2181
6807
2797
8317
9315
4203
9332
3426
4837
9377
5093
4197
2820
129
152
415
9511
7893
6198
9027
2330
8062
7643
917
1086
6823
7344
970
3072
4517
6824
2828
727
3015
1320
6911
1149
9243
9117
6047
9177
4179
2759
966
9658
4602
1624
9560
8164
875
2696
7264
4048
4364
9498
5818
2559
7089
3346
4480
2519
3527
7266
9769
8841
169
9684
6560
3966
900
7741
126
7098
2092
3568
391
2557
3176
2075
8498
7544
5090
2054
11
9708
7639
5380
8350
4239
7730
6978
3149
7054
6511
1952
7873
9891
5714
4086
9609
1012
3740
3240
6601
4158
4210
7534
8240
5606
7572
4388
3775
9789
139
4727
9754
2925
5734
4721
9541
4435
1946
4836
6889
1394
435
8215
7432
3618
5033
611
5031
2119
40
3039
8041
1959
5841
7987
1232
638
9552
8378
7154
6287
2687
6851
5747
9833
9141
3663
3146
4211
7176
4788
4987
6136
8905
8861
3262
9045
4600
655
5474
393
4175
3708
7577
6226
2040
2482
484
1282
8876
9562
7029
6050
802
7508
6694
7462
3649
1364
4324
5497
3500
9146
7125
1138
2
5592
8805
4968
2984
9707
84
5233
185
4716
5719
4737
6473
7473
6893
3272
1485
8160
8095
4130
7502
4571
6415
8289
3443
8653
4500
600
2741
7992
4178
8249
191
7738
1290
6972
2432
9603
8762
3886
1020
9758
3770
239
1328
6921
9203
8623
6988
4841
3054
4624
1687
267
5465
6317
3990
5245
5558
261
3562
1200
7728
3492
4003
7785
1186
568
3996
2592
8252
7290
7423
2003
7904
1346
4995
7920
4012
7680
4857
723
4178
4129
8632
7880
5535
8556
8365
7088
1641
4069
8684
9416
7047
9951
9369
327
5502
1554
468
3627
8383
3459
8239
7486
8834
786
4379
1925
3177
3903
9341
2415
5238
7996
815
8415
3051
6652
5061
4709
548
1809
5765
5930
7541
2363
2698
5988
9059
462
978
7306
4720
6916
5644
1143
5111
3915
2735
9762
6545
9803
7082
475
2611
6099
476
3372
7306
3823
1284
818
1309
1922
5687
2123
5763
90
6767
575
2299
3434
8688
6393
9314
4689
5397
6220
5818
8102
6259
110
7398
1154
794
9978
1312
4278
5490
1545
7418
9747
6222
7941
3688
6487
9129
6661
9941
8387
6842
5531
7475
3856
3021
5696
9381
475
8634
1383
2059
7716
9727
7116
4092
8167
9013
787
3380
3026
361
2503
7638
5902
8245
3159
5721
8156
8131
289
4385
434
5282
8248
1935
4035
1818
8177
4334
5702
140
8009
3217
9145
4224
3445
7309
5665
9812
7383
1137
9311
3415
4076
162
4934
9089
6529
4477
8360
1956
1099
1276
3624
5366
1872
4145
3974
7625
4155
9927
1726
9961
5420
9174
9968
8336
8917
4507
3393
417
1625
7488
479
3009
5493
6358
9952
7149
1646
299
6281
8775
2156
322
3018
7301
4615
4975
1790
34
238
1523
512
2182
5056
7146
6073
2263
1299
3661
2252
6805
5759
646
5397
2362
7538
2894
5562
1777
9630
1811
5691
5763
7576
6921
5918
814
1689
8374
2195
3201
6728
8032
8468
997
9557
8231
9415
9539
6434
9677
3481
2068
286
4342
8266
2189
9779
645
1154
6525
597
6900
3585
3570
9743
9302
5724
2244
1310
3213
8544
7377
9707
1794
4329
2440
912
6169
9581
4003
9091
3157
2842
9742
9710
9141
4806
3890
8113
9081
6481
4567
3676
3255
6738
3356
5835
5581
1666
2693
3033
9509
9591
8614
1984
7391
5850
9961
3571
6740
1389
1813
2480
8085
8774
6166
7062
6515
9545
5122
3244
2710
6780
2583
1990
1559
380
8950
7047
2963
5571
8503
1363
2657
5771
8897
5146
2688
1509
3156
4710
5655
7038
3367
9884
1296
2244
243
7182
87
192
9632
4068
8723
7376
2332
2667
3658
8994
1798
7230
9534
1915
7978
3622
705
679
1950
8753
2695
6662
5216
8622
3470
4219
9247
96
6320
4543
6363
6402
3696
4703
2904
285
9745
3746
9974
4452
295
9149
7414
559
9635
3972
5434
8782
5980
3550
9062
3273
2821
8538
9996
8371
6610
4165
8077
8522
9199
7562
2509
3780
5792
7026
6089
8182
4238
1973
7434
4843
8600
7299
2476
7373
499
173
7618
7686
3626
6851
9749
9376
1440
255
8174
2042
7040
8687
2247
197
3057
5200
4364
9141
1662
636
5053
3731
3432
5661
2800
5855
9855
1120
4804
1577
311
1294
7961
7849
5244
8873
1090
8041
7612
6399
9343
1543
9957
2492
621
6359
2795
9874
1397
807
7255
7662
8642
5782
6423
7016
528
1680
5619
675
7214
7251
7435
2567
7466
67
4805
1599
2404
4188
7932
7070
5623
9355
2208
3851
8173
2600
8858
5798
5481
4195
7740
9177
9703
9896
542
8033
9832
1674
5055
8083
8561
6665
3925
6031
9074
7225
1606
7326
7974
2273
5012
830
5870
2244
5334
3374
7410
464
9367
787
3885
6691
1792
716
9468
145
4349
1589
2982
6941
1512
5263
7573
4533
3693
9700
6932
7385
6682
1573
4409
9004
2000
101
6240
8337
3916
4584
12
8912
810
8921
6507
5748
7657
7548
6210
432
8301
7733
1095
5520
3833
6654
2590
9541
2324
2089
6559
7353
3983
511
8489
9726
535
134
8784
487
3337
6554
4652
9315
1080
4173
2647
2681
1845
7642
3652
785
3703
7405
8597
1149
5132
691
2807
415
6187
665
2572
2097
5088
556
172
8016
7527
3315
1215
1167
3454
4390
7272
4976
7485
8875
4331
3217
7970
1521
5447
5001
1758
7756
7724
5765
6783
5588
149
3140
2459
5371
532
1775
3217
1027
2009
7625
7202
5389
4889
5086
4720
9382
5263
3960
362
3070
800
4397
1234
6457
3275
6369
7097
4105
5708
7657
6645
2297
2640
3840
4965
2319
8138
4809
7214
4481
9771
5404
2871
9636
4545
3253
2945
4860
3762
9874
8528
7645
151
5282
8316
9117
4749
3520
9123
4014
8196
8214
4882
6169
5349
2189
8584
9900
7084
8192
9350
4683
6333
4435
4207
8419
3396
4860
3571
5935
4589
5249
9745
9325
8433
1341
7227
1957
7728
5081
295
5858
5911
5065
6052
8088
9134
5006
6794
4429
8123
9685
4842
5425
2192
9328
7836
6564
5025
97
7178
9843
473
876
2917
7247
6302
4955
5731
4572
5675
2567
9122
3373
9952
6452
7715
4165
1303
5801
6224
576
4022
5978
4522
1717
9684
5983
7975
503
3454
5359
1643
9744
7000
9421
58
4342
4009
2914
7705
968
2820
685
8577
8514
2477
2521
4878
461
1883
7732
9835
3021
1755
5212
8481
8179
954
991
7009
2884
2998
6481
9367
3776
6562
1235
3138
498
5459
3931
2782
5396
5464
3656
919
3777
9732
4403
4029
6032
8512
3286
4830
7977
610
4882
7943
7211
4276
4242
8900
5651
3643
5678
4935
9724
3089
8619
3023
744
8727
7254
5620
6172
6643
9134
881
7060
7083
2036
424
6908
2649
3954
1392
3324
5483
5861
7578
5574
3702
1798
5114
6143
4670
4767
7082
5487
6135
2316
9609
5930
376
8065
6903
5331
8670
9254
4497
8446
6992
4471
4257
6810
225
2853
2994
179
8261
193
2808
2936
9857
9190
7204
1720
7679
4464
7154
8597
8068
8235
1915
8625
8785
3399
1320
8339
624
4719
4405
9785
7379
2801
1818
3671
2782
4579
5883
5218
785
3457
168
6484
1604
5963
7878
6605
5168
7716
4696
12
8533
3936
6084
1560
9501
4578
1354
3198
8549
4847
9133
1556
2303
8203
2248
1096
8443
3296
8142
6507
1267
7209
2314
266
4222
7444
182
692
8988
8019
2434
482
6266
8021
6733
1300
2654
7132
2895
2254
1320
2430
8182
4182
2872
44
362
7338
6494
576
5573
1531
4460
4414
4891
6290
1582
550
3620
291
581
2522
5582
4129
6611
8333
8921
5656
8209
268
3063
7284
3608
6430
7653
5271
1407
9978
7397
9654
3569
972
1050
6887
4934
9929
8159
1832
301
3467
9174
7297
1768
6992
1492
6315
714
4361
7354
6940
9718
2036
6615
9576
5448
3117
7996
776
6358
9662
2832
6447
7673
3664
715
8019
8544
5605
1787
5147
9009
6785
3436
7921
58
2435
5013
5499
3173
4678
3959
7584
3828
5363
9226
3475
313
3730
8007
3889
917
8617
3509
6581
7380
3997
155
605
6918
6616
5531
5187
5937
9749
7079
6543
3133
8292
4607
8554
8632
3723
5436
6664
2172
4702
4059
3999
3459
4819
2275
5085
7326
8699
3762
3497
6389
3366
1003
8449
7970
6685
4581
9946
4797
1656
9965
3103
5657
8769
5411
4187
3724
8369
1094
1629
6367
3628
2929
7046
2071
8051
9740
4449
3085
6183
30
4656
21
6180
2016
6542
3316
3411
5991
1313
688
7022
5707
7089
6784
908
5408
622
2074
7388
1775
9502
2279
2270
4093
9018
9721
4511
3276
8299
7240
1512
1118
6097
4490
6744
6676
4827
2331
2768
3911
9809
4418
1159
1206
9541
6625
7068
9356
6471
9338
3862
8752
4883
4251
8983
7451
172
7269
5307
9721
2828
4107
6652
4760
3856
6780
4721
954
5008
3657
942
5134
7878
7566
2428
8162
349
9075
5757
2593
9521
2424
2280
8524
2474
9724
5590
5082
7761
1620
5981
1553
4258
6457
5772
3607
2584
9975
5077
9744
3617
3076
5871
8159
4904
9879
8523
7820
9424
5620
7592
9426
5626
1298
3208
3647
6373
2281
2047
7223
8167
2659
8680
1007
5680
7949
3579
1171
4575
4321
7928
652
7059
465
1776
4749
2834
9041
6479
2418
2199
4876
705
1191
1159
5881
2097
8618
7554
2170
3250
5398
2909
5352
5776
7482
7371
1863
6651
9514
6841
8504
5651
4261
4439
5133
5420
6719
2948
4012
6008
1536
1393
5636
6282
5597
7421
8049
3771
9341
5500
9361
5772
3914
9516
229
9304
8995
9348
9338
2462
524
4147
6858
9968
9107
8435
7269
5023
788
1418
2804
8150
294
9385
339
8096
4812
3982
3810
297
7597
2809
1913
9001
7541
7558
4107
5059
9475
7031
9348
7200
2458
5911
708
1208
4300
9459
2642
3047
2771
3744
6334
1435
1674
2082
6796
8969
4795
7115
9270
2800
7709
5012
1363
2027
7653
3753
631
3375
6523
8794
5625
6887
5583
3646
8272
3560
1390
9202
6841
1201
1807
235
8038
5433
935
2738
931
2453
6311
6592
2244
9511
3030
7476
474
2451
8808
1456
4969
1608
800
1792
7845
7165
3292
273
260
6905
5365
8737
736
223
9481
8370
9613
8622
163
6920
3978
8528
1237
560
1069
7513
7489
1756
2081
7951
8941
6907
8944
5299
4571
4641
1578
7049
329
8357
425
731
3539
588
7096
1830
4557
1153
8323
8735
7803
4391
7596
1190
2140
895
6173
6389
652
1331
3074
561
2625
156
7133
8416
874
1507
1173
3333
8920
9171
8727
5418
2460
6785
9019
8884
4879
4940
3303
8825
7701
9233
5074
9963
721
8028
7171
1890
54
8530
7017
4396
563
5135
5976
637
4660
1552
2225
7439
7615
8560
206
3534
8426
784
6183
2449
8531
8828
483
6890
1638
2527
3397
8997
3592
9705
4863
406
9489
6506
1637
8171
4975
9650
7682
8175
8036
4722
6755
3476
1801
9634
808
4023
4956
6238
4763
4484
9869
9621
354
1887
6469
6471
1743
4298
7133
2132
1215
1589
6951
6916
1572
8028
7675
4392
1730
8546
6542
760
1437
5999
3620
2091
7998
3623
1654
154
9915
605
2063
5497
67
201
9596
9577
8222
1272
6591
3487
8833
5779
5625
3669
8703
333
2308
4397
7849
457
9773
8054
5716
7736
4103
8382
4954
4860
7185
2531
2738
73
833
7842
1026
3282
8709
1243
376
840
3516
9524
272
8063
8149
370
1495
9257
2623
4572
3213
4331
2211
8033
1744
9628
1769
2469
779
9986
7172
6253
6970
3151
7175
6663
538
4068
7648
2933
7582
6991
2387
8757
8324
2232
7497
5219
917
6068
4677
2121
3965
2398
5674
8205
7707
4440
5387
44
6941
8751
6468
6301
4093
6005
3991
1097
7557
2048
4503
285
84
2452
2071
1924
348
5696
3569
3890
3439
4796
574
9293
9541
8241
59
7489
5619
4092
8378
3978
3926
2072
2315
5460
4794
3014
7898
90
4915
5261
8403
6580
9763
3341
1236
405
6727
7872
2360
6259
4216
25
8877
2981
5557
8063
3185
888
6927
3978
2199
8514
3428
8189
2931
320
4742
9065
8227
3314
7179
2840
1857
4010
2415
2933
307
995
6559
6854
1272
4740
5408
3113
4255
4600
9452
6580
3476
1294
7097
6193
2413
5212
4772
200
3069
2386
7651
7280
558
4981
6294
3534
179
7637
4973
7933
3910
6954
8774
8959
8417
2678
9767
3635
8974
2152
487
204
9719
2097
9180
8157
2853
372
4427
5818
1767
3147
3801
3123
6050
8893
2079
2196
4876
7111
6832
9349
9350
4225
1915
9332
2849
1032
1828
9846
8597
7842
1954
8260
6146
9278
8595
1703
3234
7108
7210
7312
1559
28
9140
6083
2933
3906
9268
5902
4322
2162
8353
7215
7977
1271
1652
7997
9997
3935
2201
7139
5124
1074
530
1074
5882
3897
9508
5745
5847
913
1416
5838
9190
2442
1797
9804
3167
1349
7228
6619
9009
4650
8759
6907
5248
9984
479
9925
2414
5707
2133
4489
2982
2538
9971
4861
7006
573
4246
9891
4034
8372
5176
886
2502
3282
5791
4567
8557
2988
581
4750
5724
4200
667
7341
7049
6170
6240
6473
1838
6533
8378
885
2668
3756
2319
9534
9768
6986
5396
4458
7491
5597
5078
3784
667
4767
6594
8058
7486
3833
6623
4260
8135
6013
6301
2520
8422
9197
341
4538
1561
8381
1654
7986
3564
4450
6157
7032
5432
204
7486
8895
4716
2779
9485
4649
1508
6212
6937
2563
4892
6908
728
1216
323
6855
2810
414
1208
7649
6778
7988
3437
3678
7488
2448
6768
8530
9817
1438
408
380
3468
5346
6987
9508
318
4470
3426
9202
7460
2376
260
3267
4766
2845
7154
468
9694
9590
6923
796
8026
2810
2018
3406
2771
9902
6874
3197
1274
4331
985
9702
1175
2060
9559
568
4252
8277
5591
2009
1315
1241
7836
3869
9574
9615
3500
3807
9823
4687
3105
9834
9078
2262
1957
1503
338
2944
4187
5855
6632
7218
8176
8109
1039
1654
2643
687
7685
8665
9547
1865
4509
677
1141
7298
7240
8290
948
3667
3288
7673
5405
5378
3114
1431
7149
4841
3709
6427
9632
9535
7310
9306
3703
2401
6796
2104
4872
8077
9643
727
2470
1868
9917
3059
4787
1901
6667
9656
7493
7572
5594
5669
9731
406
5350
3617
5842
8576
776
6055
1219
5262
896
3929
7454
2900
5953
2321
5776
8183
4805
79
5133
2532
2737
7084
2319
5607
4317
8520
9954
9279
2894
3101
5451
711
7671
905
2345
7179
6966
6772
5807
7201
5876
1616
1341
5764
4479
560
6541
6056
4007
1787
6163
3529
6544
8355
463
9689
777
2792
1332
5101
1223
1380
2024
1601
6314
2128
4154
426
1311
9818
5312
288
7886
7123
5511
3514
6551
4287
5785
1399
9794
7894
6627
1754
3490
441
6383
9087
3958
8267
5463
4343
8259
1988
7945
6324
7729
703
3805
9370
5100
8903
8807
1687
4291
6397
2314
3851
102
6756
902
9729
4057
3879
3422
652
8454
8839
2180
942
7732
1218
8276
5809
1044
7354
8419
1341
843
7634
1371
9355
1822
5913
7136
8106
1239
9292
5601
8419
2836
931
2883
1988
3987
3951
594
408
3181
1015
5463
3659
8950
7466
4372
7990
7372
5856
456
5312
8093
7815
6041
4343
5270
2138
4497
4226
2018
441
1050
4862
1260
5081
9635
3865
9547
847
9111
2463
5763
6762
999
4432
1598
2130
4616
1069
8507
9599
3985
9907
2616
4174
2167
5383
3157
1889
535
7377
8462
9633
3456
9119
7900
8201
8665
3384
8259
1393
4074
3103
4518
4588
3034
9103
1117
1388
3799
7939
1451
2276
2060
5723
4911
46
4924
116
1891
9738
3659
3050
1713
425
5531
7876
7646
5487
6187
5185
9920
6046
1751
8243
259
1936
6093
6811
8728
5519
3316
2471
1687
3456
9451
1432
4931
916
1819
7878
1334
525
7660
4239
8481
144
7303
4591
118
8007
881
856
607
4772
6003
9845
2208
1335
1036
3866
8797
1075
7919
8779
834
6215
9275
4550
3494
9575
9110
4901
2520
1711
9237
2806
2164
388
617
9134
3789
2100
9826
6230
6530
5790
404
6146
6655
9368
2018
7887
5750
753
8728
4525
1465
3829
4785
4808
1740
6857
2820
4343
3376
5141
6198
2417
7949
6923
2070
6280
6805
4457
4840
5586
8913
7874
2156
3295
6510
596
3725
4580
6191
8561
5638
216
7082
4529
5558
7437
5749
6143
1829
8829
5245
8615
7867
3265
6513
9840
2165
4972
88
459
9253
5713
2163
6919
9497
5603
5527
4620
252
6035
8307
9653
7399
7425
759
5350
6740
7734
6006
2823
5938
1908
5141
7789
1377
2151
5804
1090
8143
2523
2052
5078
2079
3596
8579
9697
7269
7163
275
380
5253
7717
9208
3316
3492
6269
5761
6238
7102
5475
8462
5826
6836
8972
7645
5850
4772
4135
9545
8719
804
9769
2449
4863
7806
5534
5448
8760
2583
2636
8753
9108
5972
1121
4838
154
2807
3704
3734
6034
4278
6328
4756
7461
9229
766
450
5679
1213
3508
1465
3383
2334
8454
9965
9576
2379
3470
908
477
6738
5457
7946
8049
5150
1264
4946
5138
2841
6267
5885
9108
2203
1796
7725
1697
5071
7914
5551
7638
9471
2852
542
1525
1768
7267
9638
8439
8137
2378
193
4690
5600
2385
2492
8503
3006
8425
5896
5219
7245
5225
7467
4569
2636
565
7996
1939
5804
4523
8146
7133
1485
7367
1143
9713
5222
844
4531
1246
376
3704
9709
6874
9277
3134
9120
5522
746
7235
207
8333
303
7126
9278
3224
7842
6311
9470
8916
6276
2693
2790
6396
7190
4021
1085
6973
9184
8958
434
9829
3255
3313
3216
9394
1440
3619
1931
13
5361
6477
7449
3113
4056
3906
6808
5547
7479
2940
7661
31
632
4113
8925
6288
8903
5680
3545
9454
9507
1877
6630
6338
8258
781
5535
4211
5078
9090
7403
4516
3395
9217
2074
1794
4496
4016
1949
2888
1216
6543
9203
1108
2802
2933
9350
4082
5859
4622
4861
9998
1462
7944
2537
9210
9064
6716
3869
882
5028
4567
5913
7564
575
8537
1785
6468
5472
5060
4426
1891
7522
3277
2971
860
451
6464
8728
1335
8174
2481
7652
6000
1769
1878
7985
3652
7758
7100
9522
8521
2705
2483
6615
5604
7479
2155
4943
3488
2544
5718
255
428
6680
4745
5724
2734
6476
4932
3334
5587
7020
9492
1192
4719
3182
44
6909
7898
7638
3248
3370
1441
3932
6679
5765
4028
4937
5083
2403
5009
3062
5416
8109
6746
7540
5535
6238
5606
4483
4035
1539
7560
7148
6615
3870
3504
357
2909
460
989
2115
4687
207
4530
8113
4035
9606
2630
6622
5297
1079
6093
9192
3378
5809
8384
917
9574
7457
2280
9832
8560
7722
5082
2507
2741
6908
548
3558
2029
7199
5121
7448
6190
2099
8319
8457
4605
5282
7366
1298
8422
6670
1266
5868
5492
9476
95
103
2582
194
2587
9033
7222
875
3342
9082
5024
5219
3299
82
4857
306
3454
4787
2183
7764
3460
4403
7919
1286
5497
1566
9436
9497
2111
783
82
444
8516
1154
2993
4230
8229
8610
2435
1375
9655
2900
9208
3220
3664
7453
8203
1680
4296
2961
2454
7705
9897
2020
794
7282
5824
1851
4659
5409
1236
1265
6988
7586
2494
5553
4519
9711
4493
9510
9684
3358
1942
3064
7075
3254
2980
7341
1703
5746
9347
732
7400
5338
9413
8275
7243
2402
5018
3100
7632
1200
3214
1925
1195
5333
6081
4123
3190
8050
3707
2089
2764
9615
1415
5108
8229
5714
5730
2738
4614
8376
9183
96
1824
1316
1558
954
5011
620
6739
7948
4656
2049
2780
8778
8648
512
8165
113
2559
2643
2979
2136
7548
2630
1502
6723
2739
8926
2403
5602
5614
7161
604
8122
4053
9068
3375
3359
7107
5832
746
5574
3924
9586
2732
526
3235
5707
9123
8461
9499
309
2342
2865
2433
3977
9165
8022
1781
5430
3366
9768
5701
176
1447
2366
5594
2620
4232
6029
9338
5529
7059
168
3211
4405
3182
1288
265
4573
8819
5336
3387
9392
1552
271
9178
5295
3633
7294
7803
1275
920
9981
9503
5875
3715
2460
9703
8807
5736
1209
6362
5007
8144
3596
5456
2621
1270
7281
1117
4611
3553
8724
8121
3863
6146
2790
3254
1825
7336
1134
2426
2740
9222
4968
7596
4809
4240
1980
9496
5624
4726
5796
108
5292
9328
9152
1716
6058
400
6817
5671
8267
653
597
2262
8368
5288
7291
6103
456
6407
1502
843
3494
7475
7388
8317
356
7282
1982
5551
1342
9129
5224
4138
6331
3200
815
272
1530
8026
3355
168
892
937
9782
5895
9644
6993
578
1205
3599
8851
9006
9383
2819
8183
566
748
9658
9176
8339
8415
9822
969
3686
6557
6836
2877
7271
7846
698
2414
6284
9691
7311
3883
2444
686
4151
9128
4164
3923
8433
3106
5029
2393
2537
3530
8504
904
5427
2075
1224
2099
9209
5312
3230
8355
4539
2717
6720
5313
2295
6852
8206
1160
2625
8382
6265
8729
5692
7494
288
2773
4377
239
8738
595
3697
2775
4059
2809
8793
5709
6138
185
6417
7328
6841
1209
8286
362
8650
5315
6562
6017
2856
2016
4191
2570
5495
5919
7092
3944
604
3744
7760
7811
760
5385
7982
7586
1739
5564
8478
3767
1478
9681
1953
436
6599
4068
7562
7992
4332
524
2205
2983
6309
8762
1161
992
9896
5783
436
6052
3841
2285
3395
4736
2779
9119
9731
9093
4609
7156
5926
3966
6256
349
62
1739
7784
6620
6949
7372
8383
6449
3576
6278
7382
8070
8590
1393
4342
7921
3054
1774
7165
1732
3420
7741
8033
5030
9562
5868
1127
3825
5827
3638
5536
5557
622
4420
6119
2536
3094
5870
8522
5431
4271
6748
2332
759
1395
3398
3345
1784
564
9258
8552
6290
7697
9533
6977
7600
7808
4390
9500
1619
1122
8722
7005
4598
6643
6568
4982
9406
5211
9305
5843
6078
2267
5285
1293
1576
4377
7842
8986
7705
2231
2100
6011
9130
5696
2313
5172
6696
2787
5593
6797
3726
9922
5905
3902
319
3704
2301
1968
3057
6484
1745
1490
257
2205
6556
9243
1849
5064
7896
9169
8220
7510
2177
9516
3116
1698
3480
6167
4686
129
1888
7287
167
1158
3007
1976
6342
6777
4110
1029
184
3836
222
501
85
5476
8363
1562
6375
5485
6927
5102
2148
696
9655
5881
7760
7992
5696
5619
4179
4746
4256
4444
9835
1164
1112
6425
896
9005
8961
3734
9446
7642
6083
1528
1700
12
8406
9023
4332
7351
5530
4658
7770
4686
4595
2534
4106
1697
3621
4094
1939
4964
8729
1709
4864
4614
3764
6918
4029
8542
6447
5414
7926
8271
2295
6028
4588
2706
832
2858
855
7678
6300
5055
368
8414
5027
6115
4569
7217
7538
9571
1871
5332
368
4220
889
2664
7152
5025
3200
5817
5465
4739
4239
5921
9611
8823
2522
6622
9248
4574
9325
8058
383
8287
7542
4174
7816
6472
6309
6010
626
1420
3939
3505
9547
1038
8407
4462
1894
4745
5235
1549
8712
3296
2595
3656
2848
8720
3980
8685
8008
6640
6295
9589
6401
3508
4306
4056
2152
4503
7400
8036
8409
1953
449
2179
6314
7245
2111
7253
5039
9569
2010
5832
4009
3138
7786
8471
7721
8750
83
4163
8340
868
1639
8343
5940
2550
4532
8537
2758
8320
5102
391
6170
4962
7449
7834
6226
8714
5845
1364
9517
3803
8765
1512
3924
6366
4384
3388
3272
9810
6564
333
8334
3978
1560
742
5935
4573
7315
3292
5860
5354
8959
4924
9586
1086
1274
5796
2035
987
1470
9375
6744
3436
1606
8289
4612
1439
1541
2541
2216
1877
9578
9879
4075
2210
7722
8898
1610
5644
9646
1871
3975
7831
3615
3042
130
9548
2766
1177
8538
6060
1471
5565
3877
3952
7976
308
8720
8540
4524
7613
5295
5288
8788
2308
7411
9358
1899
3721
6234
1129
5839
8841
9568
3717
9207
3873
4970
9001
3241
5659
6797
2312
2724
615
7466
6424
727
3227
2844
6115
1174
7088
3496
7413
1678
932
7916
6280
2711
489
1762
3375
4794
6185
6297
5065
542
5854
9144
3279
5022
5527
7401
3075
5731
7966
9333
7434
2352
6900
6263
8733
8866
7306
8865
246
5624
6318
8319
5250
8953
2154
749
6011
2915
7375
9121
7652
9013
6778
3629
1678
5199
2772
3273
7933
8868
6383
6017
4716
4877
7689
8452
1584
2952
7447
841
1737
270
638
1616
59
7884
1124
1461
4190
9177
8681
9981
5741
9524
7345
951
8357
1360
2405
1478
6504
1
1401
5634
2482
3849
2854
7405
2523
1012
5379
9083
2291
68
791
8063
708
16
6790
727
6975
437
2730
1838
7838
4026
9187
2394
3443
8769
3107
9096
818
1786
2004
2080
6586
6277
7986
7249
9714
9142
7762
3039
77
8516
6467
1388
4682
7788
4681
2749
959
3014
5955
6436
7754
898
1949
5583
9459
6732
4021
5902
3904
9346
1759
6174
5622
856
4968
1488
3179
5882
3095
4724
6695
7167
6784
4144
1341
9875
6838
1261
1653
4240
4818
5353
2561
9762
5472
6168
8744
9541
5658
1295
1843
6257
1878
3350
6284
4636
9055
1077
2481
8655
2683
3308
6036
4662
3905
9531
6458
5929
9215
3718
4666
2843
9733
5455
6345
1212
5634
575
7247
1439
5446
1006
4253
8037
7713
4434
7168
6267
418
4342
2864
926
9485
1565
5562
172
5866
3510
9298
7455
1221
5262
5661
4517
7235
5212
1362
2590
4058
4590
2895
3097
3179
1809
9030
480
621
7079
832
4124
8759
3824
5326
8928
8512
9716
7400
1268
4879
6953
8374
6689
566
9602
1523
5007
9179
9238
1974
8163
9840
8613
193
200
3623
7729
7994
6202
4969
744
2081
7079
3448
4505
5706
7901
2288
7344
5753
5484
7931
1123
9251
8140
3628
7135
3905
4944
4530
6417
9379
432
8698
9826
9904
375
3865
3605
8487
6409
1961
4130
7092
2789
7025
4757
5658
7840
9235
7279
66
3507
3563
687
6000
3418
5796
1486
4518
1764
884
3571
2564
5928
8649
9419
5021
6483
878
5082
1452
1224
8997
7550
2358
3196
4490
2416
9427
3384
5608
5226
9003
8370
6118
1428
5810
207
1884
2411
3405
3521
8444
5389
7864
573
986
9473
1023
7255
5149
8853
9280
1674
132
60
1109
1870
6885
4496
9765
2461
6321
5215
6982
2502
9602
2318
9952
8497
8087
3412
2448
1353
1304
4102
8171
6931
6681
3685
1262
5409
8884
7040
2277
7347
1293
9706
2301
6776
4831
7046
7028
27
6861
773
4458
2433
2332
4948
1580
8314
6081
6398
3716
9796
8672
1441
7798
9189
2861
867
8663
6552
6715
7822
8904
5803
8121
1584
2848
3202
9304
4467
4301
6217
8962
545
6500
3782
7550
8651
7590
7785
2659
1739
4009
6692
6788
9911
8478
6869
7065
4637
109
4568
7329
7502
1642
3712
7321
8785
2081
498
6852
2871
9593
4816
8933
4384
7010
1410
6131
6314
8998
2596
3978
264
8967
5705
5377
8739
9444
3256
3449
4447
5366
3396
6398
4580
9355
663
3325
5024
4028
3525
4793
9953
5949
4750
2214
3869
1155
9581
1432
3510
9722
6125
6415
1546
4394
4125
9984
465
9135
250
8515
5951
7342
9548
9656
2218
4775
7750
3433
355
7560
9812
9620
619
7132
868
6732
1717
8191
72
628
5833
5452
6892
4165
6966
390
305
7407
1279
8120
8749
4384
8188
6462
6931
4023
343
2594
1168
2017
7580
5112
566
16
9422
7294
3344
2079
3986
8615
2213
7786
3223
1856
8561
2644
9442
6322
5934
8709
742
3964
9531
9163
4588
6873
5726
305
5875
3411
2968
7236
8572
8565
7745
4609
3352
4746
9653
9424
2414
7449
2306
752
3511
4145
8293
9338
8724
8696
8543
5845
5908
2958
1634
8880
5240
248
882
2123
9194
3512
3777
9541
9318
4764
6658
9784
7178
607
1522
9439
1232
1450
3693
5575
400
7807
1434
2424
6144
2975
8485
991
889
3510
2895
6091
4352
415
6106
2127
7535
1186
6336
867
9155
4641
138
9805
9241
3406
1970
7773
4770
307
1900
7026
5296
1277
3402
5160
5484
5236
983
3109
572
6571
4373
978
5219
8485
6863
3912
8836
1301
9334
301
8564
248
6571
3554
7548
2453
9529
8273
5152
936
5807
967
3775
4191
5694
2883
1449
8374
5578
1393
3495
8493
3489
4964
8757
5666
9608
2879
8369
438
5947
9865
5598
8016
1996
3942
6502
9053
6241
6260
7142
9506
6577
2308
2011
5291
6324
2813
8280
8151
8036
3287
958
121
1543
400
8393
1117
7384
3664
6388
2013
7109
5122
9600
1120
287
7194
8556
974
2539
7981
6496
1615
2150
3893
7739
808
2546
1924
4979
5617
8847
8879
3707
6068
1422
7271
958
9762
3165
876
9627
9768
1601
9476
9051
6182
9802
5203
2466
9121
8171
9910
904
6966
7599
9079
6114
8148
3991
7820
4452
3198
3645
1620
2317
1831
2766
1443
3980
3156
3638
7431
4882
3871
3166
1327
1334
9585
7161
4648
6624
8558
3958
6666
9946
8360
2329
6793
3322
4151
3816
6431
4030
8450
8699
5779
1378
2012
7704
4287
1327
3435
8147
374
6817
55
8829
5640
3477
3567
1434
6110
388
6023
8829
5599
2915
5857
1752
9032
5031
8917
3978
8922
5111
3580
7745
3336
2935
7868
4586
4618
5969
8966
1072
35
8746
6066
9115
9037
7772
5804
8497
9400
7904
3810
1599
5330
4634
725
4532
2006
7726
3686
7141
7265
9799
4263
5646
9427
5516
3963
5657
1349
9343
1608
5315
7298
4063
3161
6121
5565
5869
5286
6353
9594
6649
8730
9097
174
6157
7860
330
6793
8128
954
6983
4174
5385
920
5526
61
2370
5169
8407
1389
9146
7606
7538
6983
4830
2872
6626
7304
7518
5032
9726
3399
8889
308
8531
9599
6334
9942
956
4644
6075
9044
3186
1746
3707
2085
5045
8313
1418
8121
9792
9002
5648
2408
2438
4660
248
1802
4323
2107
345
3319
1611
75
7510
5956
4815
5056
8298
1259
5269
8278
2831
6866
4877
9359
2313
6951
9321
2450
8465
9786
2086
6279
7523
2552
8391
9969
4586
5710
6585
6031
5115
1408
2983
5083
315
986
6983
8668
1210
827
3449
2332
1596
4703
8094
3508
8839
9397
6145
1729
1344
4098
3835
9759
2996
3048
4683
6325
2797
9895
5282
483
4773
4534
1274
3314
9532
6276
5030
8319
3772
4740
7313
8168
8467
7412
8779
3340
3485
5744
2971
9713
3681
5687
6187
2809
6372
1824
4295
5102
7074
9826
1821
9129
9902
1302
51
2868
7565
7133
7117
7151
4806
1742
5640
6304
6429
3831
7850
9782
6646
7039
4963
2253
4093
9881
8359
8406
2033
9695
1111
3262
2501
337
7477
5192
460
7556
9595
8653
1728
6129
4226
7925
5442
908
1219
1658
96
2942
6471
376
6387
3954
3551
1900
5246
6991
4538
4780
9294
2464
1865
3971
160
2781
2351
4334
2835
4924
9553
8364
468
3804
4601
2655
2810
6042
9595
6906
1840
5639
232
2433
5780
8077
9564
6128
7521
3005
8194
6139
1793
7918
1101
4876
4601
8895
5704
1074
8729
6717
4279
5068
6721
8861
6042
5996
9965
7908
9395
4891
9155
8976
5806
1915
8239
8156
3995
7095
3559
2532
4245
3686
3399
8236
4518
2557
205
7449
8190
5556
2739
9483
1881
5230
4808
8376
946
7173
8839
1452
8358
1050
7480
3124
8563
5351
2353
2413
7230
5635
2710
523
5541
3772
6200
7217
8417
151
8157
6204
4937
2505
2862
6717
1869
8575
5272
2941
7561
1025
6804
9341
7984
2838
8820
1682
4227
6820
5083
8831
663
2501
9937
405
8399
9168
5472
4405
3387
2805
9465
5519
4085
385
4000
8804
3108
8562
2208
436
3912
3208
6587
9424
5930
39
1246
4340
871
8421
7619
6098
869
9908
8006
1040
8317
8555
3506
8074
1091
8638
3634
931
1357
3011
108
1763
9303
3693
535
873
8724
8988
695
5156
4016
4810
517
4844
2779
3083
8857
6704
5927
4769
8160
9373
1241
3788
3986
9733
3971
2034
4958
4414
7277
4377
1357
1834
6039
5826
5119
6275
1948
3330
2315
2949
4132
2658
394
9750
2640
101
3633
7939
4590
7362
9342
5461
3886
1862
4620
2190
1759
2029
4670
9890
8953
3802
902
3286
585
9872
3227
2984
4214
4855
6373
4184
9940
8850
422
5047
8613
2456
810
5659
2787
3303
1073
9502
3400
1537
7688
4960
8136
847
7778
8049
2418
5523
6559
6189
9158
2370
1022
3418
3254
5442
8098
6893
7896
7980
8471
503
6954
3155
7532
6481
2896
1870
6547
9587
1600
4933
2164
2800
3474
830
7129
5007
3319
1566
2019
2942
9078
6189
4687
7831
9672
4493
852
4123
4711
775
9028
4769
5326
6086
5876
3781
2496
2010
7081
778
9500
3722
9432
4465
8283
6212
4947
7985
4616
5635
1834
9674
4267
4383
3118
2389
8131
7161
5896
5152
3620
9550
1475
4184
6372
9654
5489
484
2820
1168
3098
5746
2995
6915
6140
6263
7840
7104
3468
6596
8513
6335
7508
7202
1814
5135
5797
661
2206
176
849
732
5575
6144
190
1651
9821
1088
3120
8509
6145
3738
2538
7282
4290
6904
2633
2120
2992
8399
6000
4941
3599
6448
2106
1436
8425
7312
7584
9035
6931
4557
3380
2154
1199
7867
111
2801
9693
9471
1305
5879
8866
1831
84
615
1826
9410
815
4126
2759
761
2911
7873
7996
8389
3454
7345
5849
9759
6569
2890
6992
1003
4849
4463
2719
3518
4035
6820
9029
5064
5096
1505
6428
721
1815
327
6228
4372
1397
3133
6168
4264
6612
1192
3303
3124
2755
469
3131
3437
7078
2975
4430
9539
1399
5607
8012
6803
5253
6188
126
5943
7681
7030
636
4504
1964
3557
2554
5824
2234
7058
9271
8719
8369
3331
2133
4107
7861
2968
9374
1257
4701
2677
4129
5096
9042
4422
4522
3355
6733
9116
3399
7793
9551
3399
5015
1930
3971
7063
2744
3562
7904
7408
6862
9089
8746
5704
5531
9739
3342
8436
5326
2319
9579
6104
4174
3525
2630
1353
9480
2956
4611
2909
1390
2256
7619
9530
2254
9192
4410
7209
2579
9626
7267
8746
1996
4970
4159
292
5984
6856
4457
7584
5701
462
9004
3665
3090
2758
3027
7805
9105
6255
4661
4979
4789
6318
4958
3334
1547
9523
2422
3046
2589
8058
4188
1964
3737
7212
1113
6505
9962
2138
3643
5472
8786
577
8139
7660
8704
1295
982
7004
6123
4731
5506
7770
8361
1004
9590
5386
1574
5866
7727
4009
3522
7426
9625
7762
5475
3780
8684
3826
8518
9207
4579
5042
5200
9641
1325
7699
8402
2157
9310
2088
3170
9681
9096
53
9030
4294
765
7072
3331
5687
8141
3992
6801
4000
4446
1951
5609
6528
5039
5894
2725
8551
7806
3751
3578
9218
8951
4933
3278
608
1165
8380
3363
2147
7376
8158
3209
1839
4605
2454
4883
8337
9844
1829
9074
331
9146
4251
4712
1405
5317
4654
4709
8785
5307
9538
1109
26
6559
7382
7789
7017
863
5525
1528
240
237
7827
9576
6701
803
684
2981
8560
6635
2110
3014
3192
8221
3267
966
877
9722
5324
5677
1891
8134
3317
81
1700
3662
5728
1352
3032
65
5734
2324
4989
2299
7191
8013
8386
8307
3418
9323
3068
194
5477
8495
6254
3945
1139
8412
3830
8675
9338
6573
4127
4747
790
1945
2845
4941
5877
6766
5493
5249
8165
3449
6869
9411
5592
1752
9752
206
8731
2876
3732
2298
3018
1232
3988
9523
133
3061
8156
639
8090
2127
9859
9556
8855
3445
5551
9155
2695
2404
9792
8718
8272
8571
7379
285
7877
5140
740
6443
5621
3205
3486
1693
7173
6244
4512
3258
6601
9739
4439
7370
1888
7287
9099
442
3658
1708
7374
1819
6358
6891
1246
8928
7751
1405
8742
4721
3151
6746
9617
1148
5399
1298
5044
5924
9242
1880
4063
4949
4786
9835
127
6146
3615
8782
2044
9604
5544
3207
4775
2508
6636
4254
8963
8595
481
7166
4159
8612
9726
5313
772
7798
6430
5127
9860
6432
7892
9197
2744
6255
9119
7851
253
2781
4277
9645
4921
3545
5100
4109
2596
5636
981
5803
7973
4320
7522
2094
3946
636
5639
6981
6051
2040
3828
6913
1748
5581
2925
2633
567
4958
2784
2918
299
1040
2415
7971
7401
3588
6195
9613
4370
3519
4166
4837
7654
4475
5510
2726
989
1297
6718
1981
8602
2332
6655
5761
7011
9997
8452
5007
9063
5073
9448
945
8311
6484
8345
146
5044
1513
8872
3189
4353
7079
4328
8991
1322
5483
2766
153
6188
5589
1689
4308
198
9270
4480
707
560
2125
5906
4298
281
3281
8704
2630
4997
3189
8751
514
7085
256
8969
2172
5130
5573
8841
8639
3864
277
148
9411
1156
8880
9544
6413
8797
6752
4280
3408
8972
5335
7953
8985
337
1505
3057
4133
4677
6282
2251
3640
6471
6174
3085
7082
6907
8455
7126
6387
8228
8409
1496
9006
4876
6631
4720
5162
7878
6358
9965
8973
2029
3461
3119
1639
7581
9619
4360
5278
2713
1094
3759
3982
1558
7098
6056
4843
9446
6622
9290
4022
2433
4803
2243
4
7096
1329
9668
9507
3576
1365
5985
9576
5261
2230
1736
3419
3802
9278
1239
8889
5183
4924
3589
1001
7896
7562
5926
5411
6635
2813
2475
6713
7644
119
1271
9757
4993
627
3848
4183
1320
6130
1078
8163
25
7283
725
2183
9126
4657
8199
6470
6126
8425
6854
7259
4608
2586
6874
6657
5999
7721
6405
691
922
8485
5824
4494
6568
9244
5897
1408
8334
1796
4620
3826
7178
8191
1604
199
2158
2724
5457
9571
2264
6215
495
9466
5008
9208
3124
5102
1059
5964
6958
1418
8179
4097
2088
2075
8814
3163
523
6533
7265
804
5800
4292
8519
9806
8215
608
9422
6719
2668
8844
2605
591
6621
8848
7791
9987
7742
643
2269
1765
8672
2036
5661
8373
4063
5392
7579
1631
5830
5085
2929
736
5136
5718
2036
3769
6108
2224
5378
5970
8212
9074
191
7494
1259
8857
1976
426
1119
3584
253
1023
8701
9747
5990
6067
7548
532
6452
2433
4846
5701
6088
6783
9440
4738
917
8362
601
8106
4968
5436
958
2899
8838
14
460
7249
5239
1592
823
4121
2032
8260
6879
8064
9960
2369
2803
4737
8078
1402
8571
9397
1280
510
3587
4657
6665
5474
2374
2841
3086
2167
2238
6677
4451
3403
1606
4447
571
8901
331
9850
2359
257
8614
8561
150
5070
4868
1557
7862
9187
9492
4090
4597
8926
7410
1423
3279
5089
7530
7458
5533
2479
3122
2901
675
9530
7692
3506
470
3768
3819
6343
5533
9412
7602
136
2503
3107
7500
4601
1867
541
671
6813
1137
8595
6431
968
1478
7908
9637
8835
8595
5701
2121
9472
9726
8773
7006
7911
3994
3246
7799
4037
3239
7342
9934
1121
9837
5888
7954
6229
1188
8727
9290
1975
5661
7666
6885
5347
5606
2113
7660
8730
7010
8783
4884
5101
8432
684
7200
4327
8931
8462
8076
3924
9456
2254
4050
6219
3784
3644
8107
5069
2234
1719
177
2958
3817
9692
1815
606
5307
9018
8954
393
215
1055
1546
333
5133
1010
1372
2109
7317
7189
5242
6523
9334
6225
595
7748
5270
6782
1295
9189
9857
141
1356
1236
2261
629
8765
2962
3147
8232
8561
1471
4676
4781
3837
6528
5798
7055
6803
9623
3328
7276
8864
9526
2463
1230
6698
5814
9537
7174
4476
7762
3565
5757
7337
2591
6348
3191
1286
2786
6567
7864
3645
2735
3337
6800
4560
542
7891
7546
6766
4227
4690
4825
3944
6263
8226
5024
8023
1424
819
5859
3136
2371
7687
6270
9160
8384
6655
4759
1906
7332
17
8145
6573
7797
2355
1461
270
7802
9665
7081
2079
6119
5599
7540
892
2037
6727
1898
4166
4926
8778
2491
7530
1257
3536
829
3348
6512
9290
9068
4857
2571
9702
1309
7245
3799
3022
2744
1639
9455
5778
6846
9373
5973
9338
7475
124
7958
4528
831
311
6380
3668
8596
1246
3227
7974
1169
1736
6560
3132
7226
4663
3694
9848
811
5265
4029
9986
5950
2367
9531
8042
2559
5686
888
1956
3470
2115
1763
4854
3959
4080
5204
9293
4652
2632
9311
4843
8717
3839
4243
9128
4950
4475
4380
8469
1439
62
7884
3417
7559
2089
2497
4142
6971
1055
7756
7069
6458
767
1561
6541
320
6548
9853
9112
8744
1464
9630
8353
5623
5186
2156
4664
8274
6654
6771
9373
7545
6327
6624
2626
2895
6374
2631
8864
3440
8719
5761
4502
8746
1101
145
3803
2732
4852
5888
7140
8507
4142
9760
8084
9505
5846
1431
686
5248
7436
6457
3737
2576
3894
7984
2191
8145
8923
820
6163
2345
2053
1735
57
9874
4535
7613
3581
950
9393
7740
1548
8810
1059
4994
8014
1154
6869
1300
3475
9654
3118
6855
5106
1070
5997
4397
7027
6509
5672
2830
4114
3446
7495
5604
8799
4540
6041
5401
5775
5623
1297
2557
1590
2300
4539
5182
3508
9646
1239
4476
2105
4407
1792
8890
6810
3189
9765
2176
471
7736
9997
